65 107 4 26 93 64 100 106 17 14 86 56 47 94 30 49 24 95 83 108 38 15 37 22 111 48 91 31 10 42 72 12 87 51 110 13 80 43 66 45 3 9 6 61 96 59 5 103 27 53 11 28 8 34 35 20 39 29 46 68 69 97 102 88 55 74 52 99 16 82 2 25 75 62 41 85 50 67 81 92 71 84 23 101 21 60 109 57 76 44 77 0 104 98 19 78 79 54 90
63 36 112 89 58 105 7 70 32 33
18 1 73 40
97 10 12 6 46 109 58 67 8 5 103 96 14 37 51 68 83 80 55 100 39 111 16 22 26 92 99 95 108 43 1 44 7 49 17 61 78 110 41 15 87 59 60 25 18 112 102 107 52 71 74 94 98 29 89 35 42 82 20 66 54 86 28 19 69 85 91 93 36 40 53 72 0 105 63 30 34 32 76 2 27 47 31 65 64 77 79 11 45 23 33 90 24 106 81 57 104 75 48
62 3 56 88 50 21 101 84 73 70
4 13 38 9
24 80 95 51 75 67 26 106 12 64 48 34 93 22 84 90 86 110 73 44 112 14 85 41 47 104 65 15 108 105 99 40 76 9 2 28 49 78 69 55 88 31 98 103 33 79 60 36 57 100 58 56 109 50 7 4 82 68 30 8 16 77 32 37 42 91 62 102 20 70 92 46 0 39 72 18 96 52 38 54 21 66 81 23 53 61 101 1 94 43 6 10 27 3 83 87 63 97 71
111 59 74 11 45 13 35 89 107 25
17 29 5 19
105 75 88 112 86 68 78 3 2 41 21 26 57 87 36 70 49 82 29 53 45 58 12 51 33 14 101 104 66 74 25 72 50 42 47 67 22 71 52 17 9 23 109 83 93 55 98 44 61 85 31 56 90 19 4 106 35 89 37 111 15 62 28 16 99 81 5 91 94 97 32 96 108 18 34 103 6 92 95 102 60 100 84 79 54 69 40 48 76 39 46 10 107 110 73 13 38 1 77
7 63 27 59 64 80 30 65 43 20
24 11 0 8
23 50 9 6 1 35 28 24 22 56 90 94 10 43 112 106 25 109 51 29 55 59 13 79 68 107 69 34 47 27 91 75 54 12 71 8 102 83 95 2 96 0 108 37 101 61 65 31 11 77 99 70 63 41 82 33 49 15 14 104 84 52 93 73 40 100 17 30 4 97 64 38 76 105 111 98 60 103 32 88 72 92 44 48 16 3 20 21 87 46 39 58 80 5 7 78 81 67 18
45 42 89 19 86 57 110 36 85 62
53 74 66 26
38 5 10 12 80 18 40 8 77 88 68 31 26 22 50 108 79 97 17 6 51 91 64 102 107 57 53 27 101 100 47 41 30 11 71 82 54 61 110 56 75 67 69 103 16 24 106 35 104 66 37 76 7 44 78 86 52 93 83 2 94 49 32 1 105 70 87 14 4 19 45 9 34 65 29 73 95 90 59 33 62 63 23 98 74 85 46 39 48 3 55 21 13 0 15 96 89 99 84
60 72 81 112 92 109 25 43 58 36
28 20 42 111
4 54 18 52 22 27 61 59 105 84 16 74 64 88 60 26 31 96 28 66 73 24 21 13 29 68 108 30 34 75 106 102 23 70 25 85 77 107 76 37 55 0 14 81 5 69 79 32 53 7 20 93 83 38 103 100 112 46 41 86 19 17 98 42 11 67 71 12 47 101 39 72 87 9 1 35 99 78 63 51 94 15 49 10 109 104 44 90 82 110 80 56 57 62 50 111 8 36 89
43 95 3 97 45 40 58 48 33 92
6 2 65 91
7 23 26 47 18 104 86 44 65 10 81 88 9 99 87 35 57 58 79 49 93 12 32 29 39 64 28 21 16 96 61 48 55 95 103 46 42 108 59 83 112 98 62 1 51 34 8 76 19 100 85 63 106 111 45 77 24 52 50 17 110 22 107 105 78 69 82 13 5 91 84 80 90 53 4 27 20 109 0 75 92 38 37 54 15 41 30 71 40 43 68 31 36 72 60 2 97 102 101
33 73 56 6 11 74 67 66 94 89
70 3 25 14
93 105 68 110 79 81 8 67 4 36 56 32 91 104 57 42 108 40 49 22 82 112 53 47 62 44 98 52 88 37 55 45 14 26 2 3 83 69 18 41 90 28 20 1 97 84 27 64 65 92 77 24 63 107 103 33 13 11 21 6 99 51 34 43 58 17 75 76 74 5 71 60 95 10 109 101 25 15 48 100 39 111 38 70 86 89 59 66 85 7 50 78 31 94 73 35 29 61 23
30 87 80 46 0 16 96 19 9 106
102 54 72 12
94 13 6 41 51 75 62 89 56 71 46 16 17 112 20 49 7 50 58 28 30 48 55 67 90 32 111 9 93 101 29 8 88 72 2 104 99 33 86 66 73 10 23 40 74 54 36 70 87 65 95 80 81 39 37 53 61 60 21 91 102 44 108 98 42 35 26 79 83 84 11 59 96 82 0 57 78 77 38 3 12 15 69 18 5 43 97 106 25 52 4 107 47 92 109 68 19 105
64 45 1 63 103 100 14 27 24 110
31 85 76 22 34
